4.053004958348813602e+01 1.429907683526394457e+01 2.282585953436457515e+01 2.559364992764326274e+01 2.563831995600122937e+01 2.326284637839272662e+01
4.816177586323912863e+01 1.719281553280100994e+01 2.942496925409295017e+01 2.550275313860487714e+01 3.052061629296373724e+01 2.835616841402486088e+01
6.363933952494402746e+00 2.263498199496137619e+00 3.158466821282733150e+00 1.715833873332446746e+00 2.101218373051634103e+01 -5.949145789045902077e+00
1.183381037268101110e+01 1.488851087676165585e+00 2.421598386357454302e+01 -3.153929414912736817e+00 1.608335381739256942e+00 -6.763652263226637373e+00
6.713457055461866219e+00 1.013592333798116529e+00 -1.744356330120171883e+00 1.571502145616175916e+01 2.406061833031820640e+00 3.576890397521264475e+00
3.044106705942501279e+01 0.000000000000000000e+00 1.448959157503286521e+00 1.543598349072152320e+00 4.355136083949837644e-01 1.588102988957057260e+00
-4.464072914629060307e+00 -5.173973212518136577e+00 -5.686639762199581227e+00 -2.555483737551284662e+00 1.425678759358315340e+01 -6.524444081468283585e+00
-4.222234269848970101e+00 -6.349631623330486363e+00 -3.063242939019156452e+00 -7.108425502859244460e+00 1.747345522050347455e+01 -1.260582558384465734e+01
4.473616359051246150e+01 1.413305557371966614e+01 2.380909078954406155e+01 2.333173026009928464e+01 2.003450685740301296e+01 2.346506326746026971e+01
4.589477306478192986e+01 1.296824925036351139e+01 2.432269682280773537e+01 2.615999586143858835e+01 1.880973693723867157e+01 2.319897426134316376e+01
3.634063991932061555e+01 1.199028004983466733e+00 2.228243127172226501e+00 2.825899370030447777e+00 -6.456425338279254689e+00 1.606646386221219247e+00
3.070954198651600109e+01 1.736261590563313861e-01 8.276249818175811512e-01 -6.348969159129094209e-01 -2.045431541032407097e+00 -3.513294482770821237e+00
-4.460637901053954302e-01 8.021676075144810181e-01 -2.917358757217024312e+00 2.246559061651576883e+01 -1.496350851678152516e+00 5.501295899471663198e-01
-3.532053641170623148e+00 -1.845711496122487194e+00 2.875501077668735306e+00 -1.379431355823400374e+00 2.222558706177066412e+00 2.730261504860664701e+01
-1.008322805891393159e+01 -2.737598383242984657e+00 -1.176618635390751066e+01 -1.358065045666809745e+01 -1.032191490073438622e+01 -1.966357946787116262e+01
-9.795653855956780731e+00 -1.531903712234983672e+00 -1.353719206786198193e+01 -1.193994230204903850e+01 -1.148170852238043160e+01 -2.018247510581175419e+01
